# names: Curve 1; Curve 2; Curve 3; Curve 4; Curve 5; Curve 6; Curve 7; Curve 8; Curve 9; Curve 10
0.0000 0.000000 0.000000 0.000000 0.000000 0.000000 0.000000 0.000000 0.000000 0.000000 0.000000
0.0200 0.000000 0.000000 0.000000 0.000000 0.000000 0.000000 0.000000 0.000000 0.000000 0.000000
0.0400 0.000000 0.000000 0.000000 0.000000 0.000000 0.000000 0.000000 0.000000 0.000000 0.000000
0.0600 0.000000 0.000000 0.000000 0.000000 0.000000 0.000000 0.000000 0.000000 0.000000 0.000000
0.0800 0.000000 0.000000 0.000000 0.000000 0.000000 0.000000 0.000000 0.000000 0.000000 0.000000
0.1000 0.000000 0.000000 0.000000 0.000000 0.000000 0.000000 0.000000 0.000000 0.000000 0.000000
0.1200 0.000000 0.000000 0.000000 0.000000 0.000000 0.000000 0.000000 0.000000 0.000000 0.000000
0.1400 0.000000 0.000000 0.000000 0.000000 0.000000 0.000000 0.000000 0.000000 0.000000 0.000000
0.1600 0.000000 0.000000 0.000000 0.000000 0.000000 0.000000 0.000000 0.000000 0.000000 0.000000
0.1800 0.000000 0.000000 0.000000 0.000000 0.000000 0.000000 0.000000 0.000000 0.000000 0.000000
0.2000 0.000000 0.000000 0.000000 0.000000 0.000000 0.000000 0.000000 0.000000 0.000000 0.000000
0.2200 0.000000 0.000000 0.000000 0.000000 0.000000 0.000000 0.000000 0.000000 0.000000 0.000000
0.2400 0.000000 0.000000 0.000000 0.000000 0.000000 0.000000 0.000000 0.000000 0.000000 0.000000
0.2600 0.000000 0.000000 0.000000 0.000000 0.000000 0.000000 0.000000 0.000000 0.000000 0.000000
0.2800 0.000000 0.000000 0.000000 0.000000 0.000000 0.000000 0.000000 0.000000 0.000000 0.000000
0.3000 0.000000 0.000000 0.000000 0.000000 0.000000 0.000000 0.000000 0.000000 0.000000 0.000000
0.3200 0.000000 0.000000 0.000000 0.000000 0.000000 0.000000 0.000000 0.000000 0.000000 0.000000
0.3400 0.000000 0.000000 0.000000 0.000000 0.000000 0.000000 0.000000 0.000000 0.000000 0.000000
0.3600 0.000000 0.000000 0.000000 0.000000 0.000000 0.000000 0.000000 0.000000 0.000000 0.000000
0.3800 0.000000 0.000000 0.000000 0.000000 0.000000 0.000000 0.000000 0.000000 0.000000 0.000000
0.4000 0.000000 0.000000 0.000000 0.000000 0.000000 0.000000 0.000000 0.000000 0.000000 0.000000
0.4200 0.000000 0.000000 0.000000 0.000000 0.000000 0.000000 0.000000 0.000000 0.000000 0.000000
0.4400 0.000000 0.000000 0.000000 0.000000 0.000000 0.000000 0.000000 0.000000 0.000000 0.000000
0.4600 0.000000 0.000000 0.000000 0.000000 0.000000 0.000000 0.000000 0.000000 0.000000 0.000000
0.4800 0.000000 0.000000 0.000000 0.000000 0.000000 0.000000 0.000000 0.000000 0.000000 0.000000
0.5000 0.000000 0.000000 0.000000 0.000000 0.000000 0.000000 0.000000 0.000000 0.000000 0.000000
0.5200 0.000000 0.000000 0.000000 0.000000 0.000000 0.000000 0.000000 0.000000 0.000000 0.000000
0.5400 0.000000 0.000000 0.000000 0.000000 0.000000 0.000000 0.000000 0.000000 0.000000 0.000000
0.5600 0.000000 0.000000 0.000000 0.000000 0.000000 0.000000 0.000000 0.000000 0.000000 0.000000
0.5800 0.000000 0.000000 0.000000 0.000000 0.000000 0.000000 0.000000 0.000000 0.000000 0.000000
0.6000 0.000000 0.000000 0.000000 0.000000 0.000000 0.000000 0.000000 0.000000 0.000000 0.000000
0.6200 0.000000 0.000000 0.000000 0.000000 0.000000 0.000000 0.000000 0.000000 0.000000 0.000000
0.6400 0.000000 0.000000 0.000000 0.000000 0.000000 0.000000 0.000000 0.000000 0.000000 0.000000
0.6600 0.000000 0.000000 0.000000 0.000000 0.000000 0.000000 0.000000 0.000000 0.000000 0.000000
0.6800 0.000000 0.000000 0.000000 0.000000 0.000000 0.000000 0.000000 0.000000 0.000000 0.000000
0.7000 0.000000 0.000000 0.000000 0.000000 0.000000 0.000000 0.000000 0.000000 0.000000 0.000000
0.7200 0.000000 0.000000 0.000000 0.000000 0.000000 0.000000 0.000000 0.000000 0.000000 0.000000
0.7400 0.000000 0.000000 0.000000 0.000000 0.000000 0.000000 0.000000 0.000000 0.000000 0.000000
0.7600 0.000000 0.000000 0.000000 0.000000 0.000000 0.000000 0.000000 0.000000 0.000000 0.000000
0.7800 0.000000 0.000000 0.000000 0.000000 0.000000 0.000000 0.000000 0.000000 0.000000 0.000000
0.8000 0.000000 0.000000 0.000000 0.000000 0.000000 0.000000 0.000000 0.000000 0.000000 0.000000
0.8200 0.000000 0.000000 0.000000 0.000000 0.000000 0.000000 0.000000 0.000000 0.000000 0.000000
0.8400 0.000000 0.000000 0.000000 0.000000 0.000000 0.000000 0.000000 0.000000 0.000000 0.000000
0.8600 0.000000 0.000000 0.000000 0.000000 0.000000 0.000000 0.000000 0.000000 0.000000 0.000000
0.8800 0.000000 0.000000 0.000000 0.000000 0.000000 0.000000 0.000000 0.000000 0.000000 0.000000
0.9000 0.000000 0.000000 0.000000 0.000000 0.000000 0.000000 0.000000 0.000000 0.000000 0.000000
0.9200 0.000000 0.000000 0.000000 0.000000 0.000000 0.000000 0.000000 0.000000 0.000000 0.000000
0.9400 0.000000 0.000000 0.000000 0.000000 0.000000 0.000000 0.000000 0.000000 0.000000 0.000000
0.9600 0.000000 0.000000 0.000000 0.000000 0.000000 0.000000 0.000000 0.000000 0.000000 0.000000
0.9800 0.000000 0.000000 0.000000 0.000000 0.000000 0.000000 0.000000 0.000000 0.000000 0.000000
1.0000 0.000000 0.000000 0.000000 0.000000 0.000000 0.000000 0.000000 0.000000 0.000000 0.000000
1.0200 0.000000 0.000000 0.000000 0.000000 0.000000 0.000000 0.000000 0.000000 0.000000 0.000000
1.0400 0.000000 0.000000 0.000000 0.000000 0.000000 0.000000 0.000000 0.000000 0.000000 0.000000
1.0600 0.000000 0.000000 0.000000 0.000000 0.000000 0.000000 0.000000 0.000000 0.000000 0.000000
1.0800 0.000000 0.000000 0.000000 0.000000 0.000000 0.000000 0.000000 0.000000 0.000000 0.000000
1.1000 0.000000 0.000000 0.000000 0.000000 0.000000 0.000000 0.000000 0.000000 0.000000 0.000000
1.1200 0.000000 0.000000 0.000000 0.000000 0.000000 0.000000 0.000000 0.000000 0.000000 0.000000
1.1400 0.000000 0.000000 0.000000 0.000000 0.000000 0.000000 0.000000 0.000000 0.000000 0.000000
1.1600 0.000000 0.000000 0.000000 0.000000 0.000000 0.000000 0.000000 0.000000 0.000000 0.000000
1.1800 0.000000 0.000000 0.000000 0.000000 0.000000 0.000000 0.000000 0.000000 0.000000 0.000000
1.2000 0.000000 0.000000 0.000000 0.000000 0.000000 0.000000 0.000000 0.000000 0.000000 0.000000
1.2200 0.000000 0.000000 0.000000 0.000000 0.000000 0.000000 0.000000 0.000000 0.000000 0.000000
1.2400 0.000000 0.000000 0.000000 0.000000 0.000000 0.000000 0.000000 0.000000 0.000000 0.000000
1.2600 0.000000 0.000000 0.000000 0.000000 0.000000 0.000000 0.000000 0.000000 0.000000 0.000000
1.2800 0.000000 0.000000 0.000000 0.000000 0.000000 0.000000 0.000000 0.000000 0.000000 0.000000
1.3000 0.000000 0.000000 0.000000 0.000000 0.000000 0.000000 0.000000 0.000000 0.000000 0.000000
1.3200 0.000000 0.000000 0.000000 0.000000 0.000000 0.000000 0.000000 0.000000 0.000000 0.000000
1.3400 0.000000 0.000000 0.000000 0.000000 0.000000 0.000000 0.000000 0.000000 0.000000 0.000000
1.3600 0.000000 0.000000 0.000000 0.000000 0.000000 0.000000 0.000000 0.000000 0.000000 0.000000
1.3800 0.000000 0.000000 0.000000 0.000000 0.000000 0.000000 0.000000 0.000000 0.000000 0.000000
1.4000 0.000000 0.000000 0.000000 0.000000 0.000000 0.000000 0.000000 0.000000 0.000000 0.000000
1.4200 0.000000 0.000000 0.000000 0.000000 0.000000 0.000000 0.000000 0.000000 0.000000 0.000000
1.4400 0.000000 0.000000 0.000000 0.000000 0.000000 0.000000 0.000000 0.000000 0.000000 0.000000
1.4600 0.000000 0.000000 0.000000 0.000000 0.000000 0.000000 0.000000 0.000000 0.000000 0.000000
1.4800 0.000000 0.000000 0.000000 0.000000 0.000001 0.000001 0.000001 0.000001 0.000001 0.000001
1.5000 0.000002 0.000002 0.000002 0.000002 0.000003 0.000003 0.000003 0.000004 0.000004 0.000005
1.5200 0.000010 0.000010 0.000011 0.000012 0.000013 0.000014 0.000016 0.000018 0.000020 0.000023
1.5400 0.000043 0.000046 0.000049 0.000053 0.000058 0.000063 0.000070 0.000078 0.000089 0.000103
1.5600 0.000179 0.000192 0.000206 0.000223 0.000242 0.000265 0.000294 0.000329 0.000373 0.000432
1.5800 0.000710 0.000759 0.000815 0.000881 0.000958 0.001050 0.001162 0.001301 0.001477 0.001710
1.6000 0.002644 0.002827 0.003037 0.003281 0.003568 0.003911 0.004328 0.004845 0.005503 0.006369
1.6200 0.009279 0.009919 0.010656 0.011512 0.012519 0.013721 0.015182 0.016994 0.019301 0.022339
1.6400 0.030667 0.032781 0.035212 0.038039 0.041364 0.045335 0.050158 0.056141 0.063759 0.073790
1.6600 0.095478 0.102053 0.109616 0.118407 0.128752 0.141102 0.156104 0.174713 0.198410 0.229609
1.6800 0.280104 0.299375 0.321539 0.347303 0.377620 0.413814 0.457779 0.512316 0.581763 0.673198
1.7000 0.774535 0.827760 0.888978 0.960138 1.043874 1.143844 1.265276 1.415910 1.607722 1.860269
1.7200 2.019303 2.157893 2.317298 2.502589 2.720627 2.980936 3.297127 3.689359 4.188812 4.846412
1.7400 4.965413 5.305736 5.697173 6.152174 6.687590 7.326806 8.103247 9.066414 10.292875 11.907681
1.7600 11.520700 12.309121 13.215956 14.270048 15.510437 16.991297 18.790063 21.021416 23.862734 27.603728
1.7800 25.233276 26.957226 28.940100 31.244965 33.957182 37.195209 41.128367 46.007414 52.220203 60.400210
1.8000 52.200231 55.759931 59.854267 64.613467 70.213788 76.899830 85.021211 95.095710 107.924188 124.814674
1.8200 102.057506 109.002629 116.990851 126.276250 137.202712 150.247460 166.092614 185.748385 210.777284 243.731332
1.8400 188.714524 201.526693 216.263142 233.392587 253.549418 277.614005 306.844704 343.105121 389.277735 450.070442
1.8600 330.309526 352.675590 378.400848 408.303532 443.491092 485.500377 536.528089 599.827501 680.430527 786.555690
1.8800 547.802584 584.784458 627.320698 676.764235 734.946217 804.407796 888.781178 993.445590 1126.721209 1302.197211
1.9000 861.833250 919.816348 986.508022 1064.029498 1155.251799 1264.159142 1396.446384 1560.547506 1769.507534 2044.632652
1.9200 1288.012098 1374.328722 1473.609379 1589.011838 1724.810049 1886.935124 2083.864720 2328.154093 2639.222743 3048.788150
1.9400 1831.577220 1953.768045 2094.310907 2257.675981 2449.913521 2679.419678 2958.195523 3304.014424 3744.366853 4324.152445
1.9600 2483.013651 2647.801900 2837.339961 3057.656375 3316.910599 3626.425799 4002.386787 4468.762974 5062.628393 5844.535318
1.9800 3216.403191 3428.576722 3672.616939 3956.285902 4290.089343 4688.606432 5172.675965 5773.159819 6537.792761 7544.539026
2.0000 3991.683459 4253.157234 4553.902177 4903.483928 5314.849309 5805.965080 6402.512101 7142.523255 8084.824872 9325.496808
2.0200 4760.746098 5070.066579 5425.844402 5839.395608 6326.036142 6907.020474 7612.728766 8488.153485 9602.885504 11070.586193
2.0400 5475.883870 5828.328103 6233.706504 6704.912735 7259.398004 7921.379961 8725.474204 9722.945801 10993.087599 12665.407009
2.0600 6098.165128 6486.416513 6932.980001 7452.059206 8062.878319 8792.115424 9677.902946 10776.714314 12175.898261 14018.119717
2.0800 6603.335575 7018.552912 7496.132412 8051.264199 8704.507678 9484.393857 10431.703643 11606.832818 13103.196914 15073.369635
2.1000 6983.812757 7416.814138 7914.848695 8493.757157 9174.979503 9988.268741 10976.152455 12201.613219 13762.067615 15816.624185
2.1200 7246.771423 7689.060563 8197.777822 8789.103709 9484.938083 10315.672148 11324.745691 12576.492246 14170.417953 16269.044186
2.1400 7409.555444 7854.009350 8365.216505 8959.436612 9658.676720 10493.476779 11507.489191 12765.362369 14367.089480 16475.987355
2.1600 7494.213338 7935.378196 8442.802317 9032.625077 9726.690669 10555.313042 11561.821561 12810.386227 14400.260239 16493.551850
2.1800 7522.755201 7956.808742 8456.053484 9036.368649 9719.246312 10534.511780 11524.795974 12753.234512 14317.480691 16377.029673
2.2000 7514.040589 7938.540620 8426.796996 8994.339436 9662.186975 10459.508467 11427.996526 12629.397157 14159.214310 16173.432661
2.2200 7482.436950 7895.982751 8371.639664 8924.536663 9575.150386 10351.896985 11295.393195 12465.791665 13956.131862 15918.373279
2.2400 7437.849136 7839.752081 8302.017478 8839.348364 9471.644884 10226.523169 11143.456442 12280.903830 13729.285393 15636.282396
2.2600 7386.519679 7776.535990 8225.129479 8746.568330 9360.164123 10092.716216 10982.530378 12086.336755 13491.881154 15342.477036
2.2800 7332.068263 7710.209034 8145.143378 8650.705028 9245.617549 9955.864290 10818.584655 11888.781423 13251.528645 15045.776055
2.3000 7276.433580 7642.843689 8064.285524 8554.163668 9130.620845 9818.834352 10654.791453 11691.788636 13012.260788 14750.847153
2.3200 7220.576771 7575.464774 7983.653978 8458.127449 9016.457394 9683.029387 10492.699041 11497.086883 12776.035561 14459.950462
2.3400 7164.938745 7508.539732 7903.746705 8363.129809 8903.702380 9549.074419 10332.992977 11305.436821 12543.709244 14174.068163
2.3600 7109.705632 7442.263130 7824.767976 8269.386304 8792.584634 9417.214131 10175.937199 11117.126268 12315.600068 13893.558530
2.3800 7054.948287 7376.706150 7746.789344 8176.968917 8683.176645 9287.521615 10021.605536 10932.229965 12091.783935 13618.498994
2.4000 7000.689274 7311.888333 7669.826882 8085.889686 8575.485707 9159.998498 9869.992729 10750.734116 11872.236174 13348.850568
2.4200 6946.932394 7247.809229 7593.875242 7996.137576 8469.494089 9034.619059 9721.063349 10572.591249 11656.893982 13084.530258
2.4400 6893.674713 7184.461263 7518.921515 7907.693473 8365.175376 8911.348165 9574.771678 10397.742513 11445.681783 12825.440471
2.4600 6840.911085 7121.834583 7444.950434 7820.535818 8262.500607 8790.148018 9431.069179 10226.126053 11238.520761 12571.480061
2.4800 6788.635735 7059.918750 7371.946200 7734.642580 8161.440416 8670.980493 9289.907094 10057.679915 11035.332165 12322.548157
2.5000 6736.842766 6998.703288 7299.893064 7649.991882 8061.965714 8553.807896 9151.237271 9892.342978 10836.038356 12078.545373
2.5200 6685.526321 6938.177840 7228.775499 7566.562188 7964.047897 8438.593178 9015.012405 9730.055215 10640.563106 11839.374154
2.5400 6634.680614 6878.332219 7158.578251 7484.332352 7867.658883 8325.299982 8881.186088 9570.757748 10448.831662 11604.938839
2.5600 6584.299951 6819.156409 7089.286337 7403.281620 7772.771127 8213.892653 8749.712815 9414.392853 10260.770736 11375.145654
2.5800 6534.378722 6760.640571 7020.885052 7323.389629 7679.357610 8104.336225 8620.547964 9260.903932 10076.308485 11149.902679
2.6000 6484.911405 6702.775037 6953.359960 7244.636398 7587.391828 7996.596406 8493.647786 9110.235502 9895.374482 10929.119814
2.6200 6435.892566 6645.550309 6886.696887 7167.002325 7496.847785 7890.639569 8368.969383 8962.333168 9717.899689 10712.708742
2.6400 6387.316852 6588.957053 6820.881922 7090.468174 7407.699982 7786.432737 8246.470695 8817.143600 9543.816430 10500.582896
2.6600 6339.178993 6532.986099 6755.901407 7015.015069 7319.923407 7683.943571 8126.110483 8674.614517 9373.058364 10292.657424
2.6800 6291.473801 6477.628434 6691.741932 6940.624493 7233.493526 7583.140355 8007.848308 8534.694662 9205.560457 10088.849151
2.7000 6244.196168 6422.875205 6628.390335 6867.278272 7148.386273 7483.991988 7891.644523 8397.333786 9041.258959 9889.076553
2.7200 6197.341063 6368.717710 6565.833692 6794.958576 7064.578042 7386.467969 7777.460252 8262.482623 8880.091374 9693.259718
2.7400 6150.903532 6315.147398 6504.059315 6723.647907 6982.045677 7290.538385 7665.257375 8130.092874 8721.996442 9501.320316
2.7600 6104.878697 6262.155865 6443.054746 6653.329096 6900.766463 7196.173902 7554.998516 8000.117188 8566.914109 9313.181568
2.7800 6059.261753 6209.734855 6382.807755 6583.985295 6820.718119 7103.345750 7446.647028 7872.509140 8414.785504 9128.768217
2.8000 6014.047969 6157.876251 6323.306335 6515.599970 6741.878786 7012.025716 7340.166973 7747.223219 8265.552917 8948.006495
2.8200 5969.232684 6106.572076 6264.538693 6448.156898 6664.227023 6922.186130 7235.523117 7624.214802 8119.159777 8770.824096
2.8400 5924.811310 6055.814492 6206.493254 6381.640157 6587.741797 6833.799854 7132.680910 7503.440143 7975.550627 8597.150142
2.8600 5880.779325 6005.595794 6149.158650 6316.034123 6512.402475 6746.840275 7031.606473 7384.856352 7834.671102 8426.915164
2.8800 5837.132275 5955.908408 6092.523719 6251.323463 6438.188815 6661.281292 6932.266587 7268.421381 7696.467911 8260.051063
2.9000 5793.865775 5906.744891 6036.577503 6187.493131 6365.080961 6577.097306 6834.628679 7154.094005 7560.888810 8096.491094
2.9200 5750.975502 5858.097925 5981.309238 6124.528358 6293.059433 6494.263211 6738.660808 7041.833805 7427.882587 7936.169829
2.9400 5708.457200 5809.960320 5926.708356 6062.414654 6222.105121 6412.754385 6644.331656 6931.601155 7297.399038 7779.023137
2.9600 5666.306675 5762.325004 5872.764480 6001.137795 6152.199278 6332.546677 6551.610512 6823.357206 7169.388949 7624.988159
2.9800 5624.519795 5715.185027 5819.467418 5940.683822 6083.323511 6253.616404 6460.467260 6717.063867 7043.804074 7474.003277
3.0000 5583.092488 5668.533559 5766.807162 5881.039035 6015.459776 6175.940334 6370.872373 6612.683796 6920.597119 7326.008097
3.0200 5542.020743 5622.363881 5714.773883 5822.189989 5948.590372 6099.495685 6282.796894 6510.180378 6799.721722 7180.943417
3.0400 5501.300609 5576.669390 5663.357930 5764.123487 5882.697931 6024.260110 6196.212429 6409.517718 6681.132432 7038.751210
3.0600 5460.928188 5531.443594 5612.549823 5706.826578 5817.765416 5950.211692 6111.091135 6310.660621 6564.784695 6899.374598
3.0800 5420.899645 5486.680110 5562.340250 5650.286547 5753.776108 5877.328935 6027.405709 6213.574582 6450.634834 6762.757828
3.1000 5381.211196 5442.372663 5512.720069 5594.490918 5690.713608 5805.590754 5945.129378 6118.225772 6338.640033 6628.846251
3.1200 5341.859114 5398.515081 5463.680298 5539.427443 5628.561825 5734.976469 5864.235887 6024.581019 6228.758317 6497.586300
3.1400 5302.839726 5355.101297 5415.212117 5485.084101 5567.304970 5665.465796 5784.699491 5932.607806 6120.948540 6368.925471
3.1600 5264.149410 5312.125344 5367.306862 5431.449092 5506.927555 5597.038841 5706.494945 5842.274247 6015.170365 6242.812297
3.1800 5225.784597 5269.581356 5319.956021 5378.510834 5447.414381 5529.676088 5629.597490 5753.549081 5911.384248 6119.196332
3.2000 5187.741771 5227.463564 5273.151238 5326.257956 5388.750536 5463.358397 5553.982849 5666.401658 5809.551425 5998.028126
3.2200 5150.017462 5185.766294 5226.884299 5274.679299 5330.921389 5398.066994 5479.627214 5580.801926 5709.633896 5879.259211
3.2400 5112.608254 5144.483965 5181.147141 5223.763907 5273.912585 5333.783462 5406.507239 5496.720423 5611.594406 5762.842079
3.2600 5075.510777 5103.611092 5135.931839 5173.501027 5217.710037 5270.489739 5334.600028 5414.128259 5515.396435 5648.730160
3.2800 5038.721708 5063.142276 5091.230610 5123.880099 5162.299924 5208.168106 5263.883129 5332.997110 5421.004183 5536.877809
3.3000 5002.237772 5023.072211 5047.035808 5074.890762 5107.668684 5146.801181 5194.334525 5253.299205 5328.382551 5427.240283
3.3200 4966.055740 4983.395675 5003.339923 5026.522840 5053.803009 5086.371918 5125.932622 5175.007316 5237.497134 5319.773725
3.3400 4930.172428 4944.107533 4960.135573 4978.766345 5000.689842 5026.863593 5058.656246 5098.094744 5148.314203 5214.435147
3.3600 4894.584697 4905.202733 4917.415509 4931.611471 4948.316368 4968.259802 4992.484632 5022.535313 5060.800690 5111.182414
3.3800 4859.289451 4866.676308 4875.172609 4885.048591 4896.670013 4910.544452 4927.397413 4948.303359 4974.924182 5009.974221
3.4000 4824.283637 4828.523369 4833.399873 4839.068253 4845.738440 4853.701759 4863.374620 4875.373715 4890.652900 4910.770085
3.4200 4789.564245 4790.739108 4792.090426 4793.661179 4795.509540 4797.716239 4800.396665 4803.721709 4807.955691 4813.530322
3.4400 4755.128306 4753.318796 4751.237512 4748.818257 4745.971432 4742.572701 4738.444340 4733.323146 4726.802016 4718.216035
3.4600 4720.972891 4716.257777 4710.834492 4704.530541 4697.112456 4688.256244 4677.498809 4664.154307 4647.161935 4624.789098
3.4800 4687.095114 4679.551475 4670.874844 4660.789250 4648.921169 4634.752252 4617.541595 4596.191932 4569.006096 4533.212138
3.5000 4653.492124 4643.195383 4631.352159 4617.585758 4601.386341 4582.046384 4558.554582 4529.413216 4492.305727 4443.448524
3.5200 4620.161113 4607.185071 4592.260137 4574.911600 4554.496954 4530.124572 4500.520000 4463.795798 4417.032618 4355.462348
3.5400 4587.099309 4571.516177 4553.592589 4532.758459 4508.242192 4478.973016 4443.420422 4399.317753 4343.159117 4269.218415
3.5600 4554.303978 4536.184409 4515.343434 4491.118173 4462.611440 4428.578178 4387.238757 4335.957581 4270.658114 4184.682227
3.5800 4521.772422 4501.185546 4477.506694 4449.982725 4417.594283 4378.926775 4331.958242 4273.694204 4199.503030 4101.819967
3.6000 4489.501981 4466.515432 4440.076495 4409.344241 4373.180497 4330.005776 4277.562438 4212.506953 4129.667811 4020.598489
3.6200 4457.490030 4432.169977 4403.047063 4369.194993 4329.360047 4281.802400 4224.035220 4152.375559 4061.126914 3940.985305
3.6400 4425.733979 4398.145157 4366.412726 4329.527387 4286.123087 4234.304103 4171.360775 4093.280150 3993.855298 3862.948568
3.6600 4394.231271 4364.437012 4330.167905 4290.333970 4243.459951 4187.498582 4119.523594 4035.201241 3927.828413 3786.457061
3.6800 4362.979385 4331.041643 4294.307121 4251.607420 4201.361152 4141.373764 4068.508465 3978.119724 3863.022193 3711.480188
3.7000 4331.975833 4297.955215 4258.824984 4213.340548 4159.817380 4095.917807 4018.300468 3922.016864 3799.413043 3637.987956
3.7200 4301.218159 4265.173950 4223.716202 4175.526290 4118.819494 4051.119091 3968.884970 3866.874290 3736.977832 3565.950968
3.7400 4270.703940 4232.694131 4188.975567 4138.157714 4078.358524 4006.966214 3920.247618 3812.673988 3675.693884 3495.340408
3.7600 4240.430784 4200.512099 4154.597963 4101.228007 4038.425666 3963.447991 3872.374335 3759.398293 3615.538966 3426.128031
3.7800 4210.396331 4168.624253 4120.578360 4064.730480 3999.012277 3920.553448 3825.251315 3707.029885 3556.491284 3358.286150
3.8000 4180.598251 4137.027047 4086.911814 4028.658562 3960.109872 3878.271816 3778.865014 3655.551780 3498.529471 3291.787629
3.8200 4151.034245 4105.716990 4053.593464 3993.005800 3921.710123 3836.592530 3733.202149 3604.947321 3441.632579 3226.605867
3.8400 4121.702043 4074.690646 4020.618531 3957.765855 3883.804857 3795.505224 3688.249692 3555.200180 3385.780071 3162.714790
3.8600 4092.599404 4043.944630 3987.982317 3922.932500 3846.386048 3754.999725 3643.994862 3506.294339 3330.951813 3100.088841
3.8800 4063.724116 4013.475611 3955.680202 3888.499619 3809.445819 3715.066054 3600.425126 3458.214097 3277.128067 3038.702969
3.9000 4035.073997 3983.280310 3923.707645 3854.461205 3772.976436 3675.694417 3557.528187 3410.944055 3224.289482 2978.532619
3.9200 4006.646891 3953.355496 3892.060180 3820.811355 3736.970308 3636.875204 3515.291987 3364.469110 3172.417086 2919.553722
3.9400 3978.440669 3923.697989 3860.733417 3787.544273 3701.419982 3598.598988 3473.704693 3318.774457 3121.492278 2861.742685
3.9600 3950.453230 3894.304657 3829.723039 3754.654262 3666.318141 3560.856514 3432.754704 3273.845573 3071.496825 2805.076383
3.9800 3922.682499 3865.172415 3799.024800 3722.135729 3631.657602 3523.638704 3392.430636 3229.668220 3022.412848 2749.532149
4.0000 3895.126427 3836.298227 3768.634525 3689.983175 3597.431313 3486.936649 3352.721324 3186.228435 2974.222821 2695.087765
4.0200 3867.782992 3807.679101 3738.548109 3658.191202 3563.632349 3450.741605 3313.615817 3143.512523 2926.909561 2641.721451
4.0400 3840.650196 3779.312089 3708.761514 3626.754503 3530.253914 3415.044993 3275.103369 3101.507058 2880.456221 2589.411862
4.0600 3813.726065 3751.194292 3679.270770 3595.667866 3497.289332 3379.838394 3237.173443 3060.198870 2834.846284 2538.138072
4.0800 3787.008651 3723.322849 3650.071972 3564.926170 3464.732051 3345.113545 3199.815701 3019.575046 2790.063559 2487.879570
4.1000 3760.496030 3695.694945 3621.161280 3534.524381 3432.575636 3310.862339 3163.020000 2979.622923 2746.092170 2438.616254
4.1200 3734.186302 3668.307807 3592.534915 3504.457556 3400.813770 3277.076819 3126.776393 2940.330082 2702.916551 2390.328417
4.1400 3708.077588 3641.158703 3564.189163 3474.720837 3369.440249 3243.749175 3091.075120 2901.684344 2660.521445 2342.996743
4.1600 3682.168034 3614.244940 3536.120368 3445.309448 3338.448983 3210.871743 3055.906607 2863.673765 2618.891890 2296.602299
4.1800 3656.455808 3587.563868 3508.324935 3416.218700 3307.833989 3178.437003 3021.261462 2826.286634 2578.013219 2251.126527
4.2000 3630.939102 3561.112873 3480.799330 3387.443981 3277.589395 3146.437572 2987.130472 2789.511462 2537.871050 2206.551235
4.2200 3605.616126 3534.889381 3453.540072 3358.980763 3247.709433 3114.866206 2953.504596 2753.336987 2498.451286 2162.858593
4.2400 3580.485116 3508.890856 3426.543739 3330.824592 3218.188439 3083.715795 2920.374969 2717.752159 2459.740102 2120.031124
4.2600 3555.544325 3483.114799 3399.806965 3302.971094 3189.020852 3052.979359 2887.732889 2682.746146 2421.723946 2078.051695
4.2800 3530.792031 3457.558746 3373.326437 3275.415968 3160.201210 3022.650050 2855.569823 2648.308321 2384.389532 2036.903514
4.3000 3506.226529 3432.220272 3347.098896 3248.154990 3131.724147 2992.721145 2823.877398 2614.428265 2347.723831 1996.570122
4.3200 3481.846136 3407.096984 3321.121137 3221.184004 3103.584397 2963.186044 2792.647397 2581.095757 2311.714070 1957.035385
4.3400 3457.649189 3382.186526 3295.390003 3194.498929 3075.776785 2934.038272 2761.871763 2548.300775 2276.347728 1918.283488
4.3600 3433.634045 3357.486574 3269.902392 3168.095753 3048.296231 2905.271471 2731.542588 2516.033489 2241.612527 1880.298930
4.3800 3409.799078 3332.994839 3244.655247 3141.970530 3021.137742 2876.879400 2701.652114 2484.284258 2207.496427 1843.066517
4.4000 3386.142685 3308.709064 3219.645563 3116.119385 2994.296419 2848.855936 2672.192729 2453.043627 2173.987627 1806.571354
4.4200 3362.663277 3284.627025 3194.870383 3090.538506 2967.767446 2821.195064 2643.156966 2422.302324 2141.074555 1770.798845
4.4400 3339.359288 3260.746529 3170.326794 3065.224148 2941.546095 2793.890884 2614.537498 2392.051254 2108.745866 1735.734678
4.4600 3316.229167 3237.065415 3146.011932 3040.172626 2915.627720 2766.937600 2586.327136 2362.281496 2076.990434 1701.364829
4.4800 3293.271382 3213.581552 3121.922978 3015.380322 2890.007759 2740.329527 2558.518825 2332.984302 2045.797353 1667.675548
4.5000 3270.484419 3190.292838 3098.057155 2990.843676 2864.681731 2714.061081 2531.105646 2304.151092 2015.155930 1634.653360
4.5200 3247.866781 3167.197204 3074.411733 2966.559189 2839.645232 2688.126781 2504.080807 2275.773449 1985.055679 1602.285055
4.5400 3225.416988 3144.292606 3050.984023 2942.523420 2814.893939 2662.521246 2477.437645 2247.843119 1955.486320 1570.557685
4.5600 3203.133576 3121.577032 3027.771378 2918.732987 2790.423603 2637.239195 2451.169621 2220.352007 1926.437774 1539.458559
4.5800 3181.015101 3099.048496 3004.771193 2895.184564 2766.230049 2612.275440 2425.270322 2193.292172 1897.900158 1508.975237
4.6000 3159.060131 3076.705040 2981.980904 2871.874882 2742.309178 2587.624892 2399.733450 2166.655825 1869.863782 1479.095525
4.6200 3137.267253 3054.544734 2959.397985 2848.800725 2718.656963 2563.282551 2374.552830 2140.435327 1842.319144 1449.807472
4.6400 3115.635069 3032.565674 2937.019952 2825.958931 2695.269444 2539.243510 2349.722399 2114.623185 1815.256929 1421.099360
4.6600 3094.162196 3010.765982 2914.844357 2803.346390 2672.142734 2515.502950 2325.236211 2089.212050 1788.668002 1392.959708
4.6800 3072.847267 2989.143807 2892.868790 2780.960046 2649.273014 2492.056142 2301.088427 2064.194713 1762.543409 1365.377257
4.7000 3051.688930 2967.697323 2871.090880 2758.796891 2626.656528 2468.898439 2277.273320 2039.564102 1736.874368 1338.340976
4.7200 3030.685850 2946.424727 2849.508291 2736.853969 2604.289590 2446.025281 2253.785269 2015.313283 1711.652268 1311.840049
4.7400 3009.836703 2925.324243 2828.118722 2715.128371 2582.168575 2423.432190 2230.618759 1991.435451 1686.868667 1285.863876
4.7600 2989.140182 2904.394119 2806.919908 2693.617237 2560.289922 2401.114770 2207.768377 1967.923934 1662.515286 1260.402065
4.7800 2968.594994 2883.632624 2785.909620 2672.317754 2538.650133 2379.068701 2185.228809 1944.772185 1638.584010 1235.444432
4.8000 2948.199859 2863.038054 2765.085659 2651.227155 2517.245769 2357.289744 2162.994843 1921.973785 1615.066880 1210.980993
4.8200 2927.953514 2842.608725 2744.445865 2630.342717 2496.073452 2335.773736 2141.061362 1899.522433 1591.956091 1187.001963
4.8400 2907.854705 2822.342977 2723.988104 2609.661764 2475.129860 2314.516589 2119.423346 1877.411952 1569.243992 1163.497750
4.8600 2887.902196 2802.239172 2703.710280 2589.181662 2454.411731 2293.514287 2098.075865 1855.636281 1546.923079 1140.458950
4.8800 2868.094761 2782.295693 2683.610325 2568.899821 2433.915858 2272.762887 2077.014085 1834.189474 1524.985996 1117.876350
4.9000 2848.431190 2762.510946 2663.686203 2548.813691 2413.639088 2252.258519 2056.233256 1813.065701 1503.425530 1095.740915
4.9200 2828.910283 2742.883357 2643.935909 2528.920766 2393.578325 2231.997378 2035.728722 1792.259239 1482.234605 1074.043792
4.9400 2809.530855 2723.411373 2624.357466 2509.218579 2373.730522 2211.975730 2015.495909 1771.764476 1461.406286 1052.776300
4.9600 2790.291733 2704.093461 2604.948930 2489.704703 2354.092689 2192.189908 1995.530328 1751.575907 1440.933772 1031.929932
4.9800 2771.191756 2684.928108 2585.708382 2470.376750 2334.661883 2172.636309 1975.827575 1731.688131 1420.810393 1011.496350
5.0000 2752.229776 2665.913821 2566.633934 2451.232371 2315.435213 2153.311395 1956.383327 1712.095849 1401.029611 991.467381
5.0200 2733.404655 2647.049128 2547.723724 2432.269253 2296.409837 2134.211691 1937.193338 1692.793862 1381.585011 971.835011
5.0400 2714.715270 2628.332573 2528.975919 2413.485122 2277.582961 2115.333784 1918.253443 1673.777073 1362.470307 952.591389
5.0600 2696.160507 2609.762721 2510.388711 2394.877740 2258.951840 2096.674320 1899.559553 1655.040478 1343.679332 933.728815
5.0800 2677.739266 2591.338154 2491.960320 2376.444904 2240.513772 2078.230007 1881.107655 1636.579168 1325.206040 915.239746
5.1000 2659.450456 2573.057475 2473.688992 2358.184446 2222.266105 2059.997611 1862.893807 1618.388330 1307.044502 897.116785
5.1200 2641.293000 2554.919301 2455.572998 2340.094232 2204.206228 2041.973952 1844.914142 1600.463239 1289.188903 879.352682
5.1400 2623.265829 2536.922270 2437.610633 2322.172163 2186.331576 2024.155911 1827.164864 1582.799261 1271.633543 861.940333
5.1600 2605.367886 2519.065035 2419.800218 2304.416172 2168.639628 2006.540420 1809.642245 1565.391849 1254.372830 844.872770
5.1800 2587.598128 2501.346266 2402.140098 2286.824225 2151.127902 1989.124468 1792.342626 1548.236541 1237.401283 828.143169
5.2000 2569.955517 2483.764652 2384.628643 2269.394320 2133.793961 1971.905095 1775.262416 1531.328962 1220.713524 811.744835
5.2200 2552.439030 2466.318897 2367.264243 2252.124486 2116.635406 1954.879393 1758.398088 1514.664816 1204.304282 795.671211
5.2400 2535.047652 2449.007720 2350.045313 2235.012783 2099.649881 1938.044507 1741.746180 1498.239890 1188.168387 779.915865
5.2600 2517.780379 2431.829859 2332.970292 2218.057302 2082.835066 1921.397630 1725.303293 1482.050051 1172.300769 764.472496
5.2800 2500.636218 2414.784065 2316.037639 2201.256162 2066.188683 1904.936006 1709.066091 1466.091242 1156.696456 749.334927
5.3000 2483.614185 2397.869106 2299.245835 2184.607513 2049.708489 1888.656924 1693.031297 1450.359484 1141.350573 734.497101
5.3200 2466.713305 2381.083764 2282.593384 2168.109532 2033.392279 1872.557725 1677.195694 1434.850872 1126.258337 719.953084
5.3400 2449.932614 2364.426837 2266.078809 2151.760426 2017.237885 1856.635791 1661.556126 1419.561575 1111.415062 705.697058
5.3600 2433.271157 2347.897137 2249.700656 2135.558427 2001.243174 1840.888555 1646.109490 1404.487832 1096.816147 691.723320
5.3800 2416.727989 2331.493492 2233.457488 2119.501797 1985.406049 1825.313489 1630.852743 1389.625956 1082.457083 678.026280
5.4000 2400.302174 2315.214742 2217.347892 2103.588822 1969.724446 1809.908114 1615.782895 1374.972325 1068.333449 664.600460
5.4200 2383.992784 2299.059743 2201.370472 2087.817817 1954.196337 1794.669990 1600.897010 1360.523390 1054.440908 651.440489
5.4400 2367.798903 2283.027364 2185.523851 2072.187120 1938.819725 1779.596722 1586.192206 1346.275663 1040.775205 638.541104
5.4600 2351.719620 2267.116488 2169.806674 2056.695096 1923.592647 1764.685955 1571.665654 1332.225726 1027.332171 625.897143
5.4800 2335.754037 2251.326010 2154.217602 2041.340135 1908.513171 1749.935373 1557.314573 1318.370221 1014.107715 613.503549
5.5000 2319.901261 2235.654840 2138.755314 2026.120648 1893.579398 1735.342704 1543.136234 1304.705856 1001.097824 601.355365
5.5200 2304.160410 2220.101901 2123.418509 2011.035075 1878.789459 1720.905711 1529.127958 1291.229399 988.298564 589.447730
5.5400 2288.530610 2204.666128 2108.205903 1996.081876 1864.141513 1706.622198 1515.287112 1277.937678 975.706077 577.775883
5.5600 2273.010995 2189.346467 2093.116229 1981.259535 1849.633752 1692.490004 1501.611111 1264.827580 963.316579 566.335154
5.5800 2257.600707 2174.141881 2078.148238 1966.566559 1835.264397 1678.507008 1488.097418 1251.896052 951.126357 555.120967
5.6000 2242.298898 2159.051340 2063.300697 1952.001477 1821.031694 1664.671123 1474.743538 1239.140095 939.131773 544.128835
5.6200 2227.104725 2144.073829 2048.572389 1937.562840 1806.933922 1650.980299 1461.547024 1226.556769 927.329255 533.354363
5.6400 2212.017356 2129.208345 2033.962116 1923.249219 1792.969384 1637.432520 1448.505471 1214.143185 915.715304 522.793239
5.6600 2197.035965 2114.453896 2019.468693 1909.059210 1779.136413 1624.025803 1435.616517 1201.896511 904.286484 512.441239
5.6800 2182.159735 2099.809501 2005.090953 1894.991426 1765.433364 1610.758202 1422.877843 1189.813966 893.039429 502.294222
5.7000 2167.387855 2085.274190 1990.827742 1881.044501 1751.858624 1597.627800 1410.287169 1177.892820 881.970834 492.348130
5.7200 2152.719523 2070.847007 1976.677925 1867.217090 1738.410601 1584.632715 1397.842259 1166.130396 871.077461 482.598984
5.7400 2138.153945 2056.527003 1962.640378 1853.507868 1725.087730 1571.771097 1385.540913 1154.524063 860.356131 473.042884
5.7600 2123.690332 2042.313242 1948.713995 1839.915528 1711.888471 1559.041125 1373.380972 1143.071242 849.803727 463.676007
5.7800 2109.327905 2028.204799 1934.897682 1826.438783 1698.811308 1546.441010 1361.360316 1131.769399 839.417194 454.494607
5.8000 2095.065891 2014.200758 1921.190361 1813.076364 1685.854748 1533.968992 1349.476861 1120.616049 829.193533 445.495011
5.8200 2080.903524 2000.300216 1907.590967 1799.827022 1673.017323 1521.623342 1337.728559 1109.608752 819.129803 436.673619
5.8400 2066.840044 1986.502276 1894.098450 1786.689523 1660.297587 1509.402359 1326.113400 1098.745113 809.223120 428.026902
5.8600 2052.874701 1972.806056 1880.711772 1773.662653 1647.694116 1497.304371 1314.629409 1088.022781 799.470654 419.551401
5.8800 2039.006749 1959.210679 1867.429909 1760.745215 1635.205509 1485.327732 1303.274646 1077.439448 789.869631 411.243727
5.9000 2025.235450 1945.715282 1854.251852 1747.936029 1622.830387 1473.470825 1292.047202 1066.992849 780.417329 403.100556
5.9200 2011.560073 1932.319009 1841.176601 1735.233931 1610.567392 1461.732059 1280.945206 1056.680760 771.111077 395.118630
5.9400 1997.979893 1919.021014 1828.203173 1722.637775 1598.415186 1450.109870 1269.966818 1046.500999 761.948258 387.294757
5.9600 1984.494190 1905.820460 1815.330595 1710.146431 1586.372453 1438.602720 1259.110227 1036.451423 752.926302 379.625807
5.9800 1971.102255 1892.716521 1802.557906 1697.758783 1574.437897 1427.209095 1248.373660 1026.529928 744.042690 372.108712
